20
60 200
180 200
100 180
140 180
20 160
80 160
200 160
140 140
40 120
120 120
180 100
60 80
100 80
180 60
20 40
100 40
200 40
20 20 
60 20
160 20


# Dalsie mapy:

45
0 0
3 5
2.5 9
48 16
48 17
69 16
70 16
64 13
3 -22
2.5 1
-13 11.5
-20 45
-9 52
-8.5 53
-8 52
2 2
-2 9
-10 20
-20 19
-15 -21
-5 -9
-4.5 -9
-52 -36
-53 -36
0 0.01
-30 -18
-51 -35
81 9
84 -99
82 -6
40 -12
50 -7
51 -8
63 -17
45 -1
54 8.5
29 4
21 3
22 2
39 -3
39.5 -3
40 -11
28 -2
24 -18
24 -19

24
6 4
-12 13
12 20
-23 10
-48 -39
-2 4
-49 3
-6 30
-8 -2
-3 20
-5 2
-4 7
-12 20
20 0
-8 -10
30 30
-5 10
-1 -5
15 -15
7 8
14 -21
17 -13
-13 7
-20 18